III-22.6,7096.1682,3667.5656,141.9608
III-22.5,7096.1684,3667.5656,141.9597
III-22.4,7096.1691,3667.5654,141.9623
III-22.3,7096.1783,3667.5673,141.9701
III-22.2,7096.1782,3667.5678,141.9704
III-22.1,7096.1784,3667.5672,141.9690
III-21.6,7095.9060,3660.4612,143.7896
III-21.5,7095.9053,3660.4610,143.7900
III-21.4,7095.9058,3660.4612,143.7898
III-21.3,7095.8974,3660.4597,143.7827
III-21.2,7095.8981,3660.4595,143.7815
III-21.1,7095.8974,3660.4597,143.7824
III-19.6,7091.4809,3593.2530,157.0555
III-19.5,7091.4806,3593.2533,157.0555
III-19.4,7091.4810,3593.2531,157.0552
III-19.3,7091.4846,3593.2535,157.0583
III-19.2,7091.4848,3593.2538,157.0583
III-19.1,7091.4852,3593.2539,157.0585
III-16.6,7087.2963,3529.3363,171.6513
III-16.5,7087.2962,3529.3363,171.6511
III-16.4,7087.2964,3529.3362,171.6511
III-16.3,7087.2942,3529.3358,171.6486
III-16.2,7087.2942,3529.3359,171.6493
III-16.1,7087.2941,3529.3357,171.6492
IIIPEP2,7088.6905,3551.1474,171.3150
IIIPEP2S.2,7088.6892,3551.1474,171.3129
IIIPEP2S.1,7088.6920,3551.1478,171.3171
IIIPER2.3,7085.5820,3500.9943,179.6240
IIIPER2.2,7085.5794,3500.9943,179.6208
IIIPER2.1,7085.5856,3500.9951,179.6288
III-14.6,7083.4346,3466.8877,183.2114
III-14.5,7083.4339,3466.8876,183.2124
III-14.4,7083.4341,3466.8872,183.2122
III-14.3,7083.4312,3466.8871,183.2070
III-14.2,7083.4309,3466.8874,183.2061
III-14.1,7083.4315,3466.8869,183.2062
III-13.6,7081.5674,3437.2283,188.8963
III-13.5,7081.5673,3437.2283,188.8962
III-13.4,7081.5670,3437.2285,188.8965
III-13.3,7081.5688,3437.2288,188.9002
III-13.2,7081.5692,3437.2287,188.9003
III-13.1,7081.5690,3437.2286,188.9002
III-12.6,7080.4574,3418.1420,189.6506
III-12.5,7080.4575,3418.1421,189.6507
III-12.4,7080.4575,3418.1419,189.6505
III-12.3,7080.4588,3418.1424,189.6526
III-12.2,7080.4588,3418.1421,189.6526
III-12.1,7080.4587,3418.1427,189.6525
III-06.6,7066.0506,3259.7928,195.4665
III-06.5,7066.0517,3259.7942,195.4652
III-06.4,7066.0527,3259.7962,195.4675
III-06.3,7066.0482,3259.7879,195.4751
III-06.2,7066.0482,3259.7873,195.4737
III-06.1,7066.0485,3259.7881,195.4749
III-07.6,7069.8872,3298.8455,194.3315
III-07.5,7069.8865,3298.8433,194.3295
III-07.4,7069.8861,3298.8426,194.3256
III-07.3,7069.8867,3298.8484,194.3204
III-07.2,7069.8874,3298.8508,194.3195
III-07.1,7069.8871,3298.8514,194.3170
III-09.6,7073.7595,3334.1380,194.3386
III-09.5,7073.7596,3334.1381,194.3396
III-09.4,7073.7596,3334.1374,194.3384
III-09.3,7073.7607,3334.1307,194.3463
III-09.2,7073.7604,3334.1325,194.3425
III-09.1,7073.7603,3334.1318,194.3443
III-10.6,7074.4741,3347.3017,193.9456
III-10.5,7074.4740,3347.3051,193.9497
III-10.4,7074.4740,3347.3030,193.9466
III-10.3,7074.4717,3347.3098,193.9400
III-10.2,7074.4720,3347.3111,193.9425
III-10.1,7074.4727,3347.3074,193.9409
IIIPER1,7079.1300,3396.1810,193.7820
IIIPER1.2,7079.1276,3396.1839,193.7795
IIIPER1.1,7079.1321,3396.1779,193.7863
IIIPPS.3,6962.0810,3322.9218,201.3080
IIIPPS.2,6962.0833,3322.9218,201.3189
IIIPPS.1,6962.0786,3322.9217,201.2889
III-4.12,7051.4124,3096.4987,193.8590
III-4.11,7051.4127,3096.4990,193.8605
III-4.10,7051.4126,3096.4986,193.8601
III-4.9,7051.4172,3096.4980,193.8708
III-4.8,7051.4171,3096.4982,193.8729
III-4.7,7051.4204,3096.4980,193.8710
III-4.6,7047.6378,3053.9284,194.0880
III-4.5,7047.6373,3053.9286,194.0875
III-4.4,7047.6372,3053.9283,194.0870
III-4.3,7047.6337,3053.9290,194.0808
III-4.2,7047.6336,3053.9290,194.0798
III-4.1,7047.6339,3053.9285,194.0797
III-2.6,7044.3801,3016.9638,193.8729
III-2.5,7044.3801,3016.9638,193.8729
III-2.4,7044.3798,3016.9634,193.8722
III-2.3,7044.3830,3016.9629,193.8792
III-2.2,7044.3827,3016.9634,193.8792
III-2.1,7044.3830,3016.9634,193.8784
III-1.6,7040.2399,2971.3889,194.0816
III-1.5,7040.2394,2971.3890,194.0823
III-1.4,7040.2401,2971.3888,194.0817
III-1.3,7040.2394,2971.3891,194.0798
III-1.2,7040.2395,2971.3892,194.0800
III-1.1,7040.2396,2971.3891,194.0800
IIIOPII.6,7033.3501,2893.4680,195.0870
IIIOPII.5,7033.3499,2893.4677,195.0870
IIIOPII.4,7033.3498,2893.4675,195.0869
IIIOPII.3,7033.3510,2893.4674,195.0842
IIIOPII.2,7033.3512,2893.4675,195.0844
IIIOPII.1,7033.3510,2893.4677,195.0844
IIIOPI.6,7028.2547,2835.1215,195.2328
IIIOPI.5,7028.2545,2835.1213,195.2325
IIIOPI.4,7028.2535,2835.1211,195.2329
IIIOPI.3,7028.2526,2835.1215,195.2381
IIIOPI.2,7028.2530,2835.1215,195.2380
IIIOPI.1,7028.2526,2835.1215,195.2392
VNB,4159.2900,5270.9600,250.7200
IIIOP3,7036.6190,2930.5050,194.5290
OT3.079,12528.4172,6773.3444,194.0786
OT3.078,12528.4122,6773.3417,194.0750
OT3.077,12528.4131,6773.3415,194.0821
OT3.076,12528.4193,6773.3454,194.0709
OT3.075,12528.4264,6773.3482,194.0911
OT3.074,12528.4236,6773.3473,194.0921
OT3.073,12528.4218,6773.3460,194.0945
OT3.072,12439.3785,6153.5797,191.6636
OT3.071,12439.3798,6153.5790,191.6599
OT3.070,12439.3761,6153.5817,191.6582
OT3.069,12439.3962,6153.5635,191.6358
OT3.068,12439.3926,6153.5677,191.6411
OT3.067,12439.3915,6153.5688,191.6354
OT3.066,12533.5105,6773.8432,194.3125
OT3.065,12533.5061,6773.8412,194.3151
OT3.064,12533.5119,6773.8441,194.3104
OT3.063,12533.4930,6773.8347,194.2941
OT3.062,12533.5021,6773.8387,194.3045
OT3.061,12533.4996,6773.8372,194.3047
OT3.060,12466.5027,6148.0100,191.5980
OT3.059,12466.5073,6148.0068,191.6085
OT3.058,12466.5089,6148.0052,191.6097
OT3.057,12466.5189,6147.9992,191.5751
OT3.056,12466.5217,6147.9957,191.5875
OT3.055,12466.5225,6147.9944,191.5864
OT3.054,12545.9191,6774.4677,190.6541
OT3.053,12545.9147,6774.4665,190.6641
OT3.052,12545.9142,6774.4659,190.6677
OT3.051,12545.9255,6774.4712,190.6911
OT3.050,12545.9266,6774.4714,190.6829
OT3.049,12545.9259,6774.4714,190.6928
OT3.048,12529.3740,6134.7876,191.5319
OT3.047,12529.3844,6134.7820,191.5336
OT3.046,12529.3793,6134.7846,191.5438
OT3.045,12529.3572,6134.7969,191.5596
OT3.044,12529.3638,6134.7931,191.5520
OT3.043,12529.3607,6134.7946,191.5518
OT3.042,12589.0210,6777.2347,190.5311
OT3.041,12589.0178,6777.2336,190.5275
OT3.040,12589.0223,6777.2348,190.5305
OT3.039,12589.0105,6777.2313,190.5255
OT3.038,12589.0173,6777.2336,190.5186
OT3.037,12589.0129,6777.2322,190.5189
OT3.036,12632.6721,6780.2334,190.3641
OT3.035,12632.6822,6780.2353,190.3585
OT3.034,12632.6835,6780.2357,190.3677
OT3.033,12632.6821,6780.2356,190.3909
OT3.032,12632.6879,6780.2367,190.3926
OT3.031,12632.6848,6780.2358,190.3837
OT3.030,12651.6215,6781.6361,190.4062
OT3.029,12651.6346,6781.6377,190.3987
OT3.028,12651.6288,6781.6373,190.4044
OT3.027,12651.6421,6781.6390,190.4268
OT3.026,12651.6375,6781.6385,190.4178
OT3.025,12651.6332,6781.6381,190.4281
OT3.024,12734.8248,6787.8306,190.1164
OT3.023,12734.8256,6787.8299,190.1027
OT3.022,12734.8296,6787.8291,190.1137
OT3.021,12734.8158,6787.8314,190.1047
OT3.020,12734.8096,6787.8322,190.1038
OT3.019,12734.8135,6787.8320,190.1013
OT3.018,12702.2826,6785.3765,190.2507
OT3.017,12702.2947,6785.3760,190.2474
OT3.016,12702.2985,6785.3758,190.2566
OT3.015,12702.3062,6785.3760,190.2795
OT3.014,12702.3087,6785.3757,190.2650
OT3.013,12702.3035,6785.3756,190.2552
OT3.012,12715.8044,6096.6461,191.2828
OT3.011,12715.8101,6096.6457,191.2837
OT3.010,12715.8120,6096.6463,191.2942
OT3.009,12715.8211,6096.6473,191.2716
OT3.008,12715.8312,6096.6472,191.2750
OT3.007,12715.8273,6096.6469,191.2776
OT3.006,12675.9049,6783.3892,191.4436
OT3.005,12675.9177,6783.3907,191.4413
OT3.004,12675.9298,6783.3910,191.4447
OT3.003,12675.9110,6783.3895,191.4352
OT3.002,12675.9120,6783.3890,191.4179
OT3.001,12675.9166,6783.3897,191.4472
1168,12534.7000,5629.4480,192.2250
3OTST1,12699.7310,6445.0990,190.7090
