VI-17.6,59169.5359,123626.2111,370.6732
VI-17.5,59169.5357,123626.2114,370.6734
VI-17.4,59169.5356,123626.2114,370.6734
VI-17.3,59169.5379,123626.2115,370.6718
VI-17.2,59169.5377,123626.2119,370.6716
VI-17.1,59169.5373,123626.2115,370.6720
VI-18.6,59166.9310,123604.7351,368.9603
VI-18.5,59166.9304,123604.7351,368.9608
VI-18.4,59166.9306,123604.7348,368.9610
VI-18.3,59166.9270,123604.7352,368.9612
VI-18.2,59166.9280,123604.7351,368.9622
VI-18.1,59166.9276,123604.7350,368.9613
VI-HZ.6,59189.0360,123569.0825,367.8888
VI-HZ.5,59189.0372,123569.0824,367.8904
VI-HZ.4,59189.0379,123569.0824,367.8907
VI-HZ.3,59189.0395,123569.0829,367.8886
VI-HZ.2,59189.0406,123569.0832,367.8890
VI-HZ.1,59189.0407,123569.0832,367.8890
VI-16.6,59172.6502,123649.2227,374.2862
VI-16.5,59172.6500,123649.2229,374.2864
VI-16.4,59172.6502,123649.2232,374.2864
VI-16.3,59172.6493,123649.2225,374.2861
VI-16.2,59172.6494,123649.2225,374.2863
VI-16.1,59172.6494,123649.2222,374.2860
VI-15.6,59174.6212,123665.9608,374.5410
VI-15.5,59174.6210,123665.9607,374.5409
VI-15.4,59174.6211,123665.9610,374.5410
VI-15.3,59174.6222,123665.9606,374.5407
VI-15.2,59174.6224,123665.9606,374.5406
VI-15.1,59174.6222,123665.9606,374.5408
VIST2.3,59176.7845,123684.1114,383.2592
VIST2.4,59176.7813,123684.1114,383.2606
VI073,59181.4862,123724.8567,383.7634
VI072,59181.4857,123724.8562,383.7632
VI071,59181.4859,123724.8564,383.7637
VI070,59181.4874,123724.8563,383.7620
VI069,59181.4874,123724.8564,383.7622
VI068,59181.4878,123724.8564,383.7622
VI067,59183.3387,123739.9060,383.9385
VI066,59183.3384,123739.9060,383.9386
VI065,59183.3385,123739.9059,383.9384
VI064,59183.3377,123739.9059,383.9389
VI063,59183.3379,123739.9060,383.9390
VI062,59183.3373,123739.9063,383.9386
VIST2.2,59188.4741,123781.4476,392.3636
VI061,59187.4588,123774.7604,391.2162
VI060,59187.4590,123774.7604,391.2164
VI059,59187.4592,123774.7602,391.2167
VI058,59187.4599,123774.7605,391.2158
VI057,59187.4595,123774.7606,391.2159
VI056,59187.4599,123774.7604,391.2160
VI0055,59188.7172,123833.6081,390.1878
VI0054,59188.7172,123833.6084,390.1878
VI0053,59188.7173,123833.6080,390.1877
VI0052,59188.7181,123833.6081,390.1879
VI0051,59188.7181,123833.6083,390.1880
VI0050,59188.7181,123833.6082,390.1879
VI0049,59189.1084,123825.2334,390.3484
VI0048,59189.1084,123825.2333,390.3483
VI0047,59189.1083,123825.2335,390.3484
VI0046,59189.1075,123825.2337,390.3476
VI0045,59189.1075,123825.2336,390.3477
VI0044,59189.1076,123825.2336,390.3477
VI0043,59189.3202,123845.4811,391.5466
VI0042,59189.3202,123845.4812,391.5467
VI0041,59189.3202,123845.4811,391.5466
VI0040,59189.3204,123845.4813,391.5468
VI0039,59189.3204,123845.4812,391.5468
VI0038,59189.3204,123845.4815,391.5469
VI0037,59190.0521,123863.9194,391.5976
VI0036,59190.0521,123863.9196,391.5976
VI0035,59190.0521,123863.9194,391.5976
VI0034,59190.0518,123863.9194,391.5980
VI0033,59190.0519,123863.9192,391.5981
VI0032,59190.0519,123863.9196,391.5980
VI0031,59190.0519,123863.9194,391.5980
VI0030,59191.1102,123885.2476,391.7386
VI0029,59191.1101,123885.2474,391.7385
VI0028,59191.1103,123885.2474,391.7386
VI0027,59191.1102,123885.2476,391.7386
VI0026,59191.1100,123885.2480,391.7385
VI0025,59191.1101,123885.2477,391.7384
VI0024,59194.6675,123964.4322,391.2634
VI0023,59194.6678,123964.4320,391.2613
VI0022,59194.6675,123964.4325,391.2610
VI0021,59194.6681,123964.4321,391.2675
VI0020,59194.6683,123964.4323,391.2666
VI0019,59194.6688,123964.4322,391.2685
VI0018,59196.2872,123998.7494,392.0032
VI0017,59196.2867,123998.7492,392.0023
VI0016,59196.2852,123998.7492,391.9997
VI0015,59196.2839,123998.7483,391.9999
VI0014,59196.2834,123998.7488,392.0003
VI0013,59196.2834,123998.7491,392.0005
VI0012,59200.3506,124098.1172,391.8905
VI0011,59200.3531,124098.1171,391.8870
VI0010,59200.3525,124098.1169,391.8898
VI0009,59200.3549,124098.1173,391.8954
VI0008,59200.3522,124098.1176,391.8983
VI0007,59200.3535,124098.1175,391.8987
VI0006,59202.1061,124142.9319,391.6023
VI0005,59202.1009,124142.9318,391.6020
VI0004,59202.1038,124142.9313,391.6005
VI0003,59202.0972,124142.9323,391.5986
VI0002,59202.0985,124142.9324,391.6001
VI0001,59202.1000,124142.9321,391.6004
VIOP1,59202.1000,124142.9360,391.6010
VI-6,59189.4650,123850.9730,394.3260
IX-17.6,58105.6653,122347.6638,347.9959
IX-17.5,58105.6653,122347.6637,347.9958
IX-17.4,58105.6651,122347.6637,347.9953
IX-17.3,58105.6659,122347.6633,347.9990
IX-17.2,58105.6662,122347.6628,347.9993
IX-17.1,58105.6659,122347.6628,347.9986
IX-15.8,58105.6659,122347.6633,347.9987
IX-15.7,58105.6659,122347.6628,347.9984
IX-15.6,58020.8516,122317.9798,365.3186
IX-15.5,58020.8517,122317.9802,365.3189
IX-15.4,58020.8515,122317.9802,365.3187
IX-15.3,58020.8518,122317.9806,365.3185
IX-15.2,58020.8515,122317.9805,365.3185
IX-15.1,58020.8516,122317.9803,365.3188
IX-16.6,58064.7243,122333.3791,355.7628
IX-16.5,58064.7242,122333.3796,355.7631
IX-16.4,58064.7242,122333.3795,355.7632
IX-16.3,58064.7244,122333.3803,355.7662
IX-16.2,58064.7243,122333.3810,355.7661
IX-16.1,58064.7243,122333.3797,355.7655
IX-14.6,57987.9999,122306.4926,367.5737
IX-14.5,57987.9999,122306.4927,367.5734
IX-14.4,57987.9999,122306.4926,367.5737
IX-14.3,57988.0004,122306.4920,367.5732
IX-14.2,57988.0002,122306.4920,367.5733
IX-14.1,57988.0001,122306.4920,367.5732
IX-13.1,57947.4634,122292.1953,384.7925
IXOT7.6,57895.9841,121967.8772,388.3701
IXOT7.5,57895.9840,121967.8774,388.3701
IXOT7.4,57895.9836,121967.8776,388.3702
IXOT7.3,57895.9821,121967.8756,388.3685
IXOT7.2,57895.9817,121967.8751,388.3688
IXOT7.1,57895.9817,121967.8753,388.3684
IXOT6.6,57873.8848,121993.2031,387.2677
IXOT6.5,57873.8847,121993.2031,387.2675
IXOT6.4,57873.8846,121993.2032,387.2673
IXOT6.3,57873.8855,121993.2037,387.2705
IXOT6.2,57873.8854,121993.2039,387.2708
IXOT6.1,57873.8854,121993.2039,387.2706
IXOT5.6,57859.6092,122015.7936,390.0413
IXOT5.5,57859.6095,122015.7936,390.0411
IXOT5.4,57859.6091,122015.7942,390.0413
IXOT5.3,57859.6088,122015.7935,390.0397
IXOT5.2,57859.6092,122015.7931,390.0392
IXOT5.1,57859.6094,122015.7934,390.0393
IXOT4.6,57822.7302,122044.3357,387.9670
IXOT4.5,57822.7301,122044.3359,387.9670
IXOT4.4,57822.7301,122044.3358,387.9671
IXOT4.3,57822.7303,122044.3358,387.9687
IXOT4.2,57822.7302,122044.3355,387.9687
IXOT4.1,57822.7303,122044.3359,387.9687
IXOT3.2,57790.6931,122077.8088,390.4743
IX-13.2,57947.4633,122292.1960,384.7911
IX-12.6,57930.1696,122286.0224,385.5954
IX-12.5,57930.1700,122286.0223,385.5952
IX-12.4,57930.1697,122286.0222,385.5949
IX-12.3,57930.1694,122286.0237,385.5948
IX-12.2,57930.1697,122286.0236,385.5946
IX-12.1,57930.1696,122286.0234,385.5944
IX-10.6,57879.6918,122266.9415,390.9721
IX-10.5,57879.6921,122266.9414,390.9722
IX-10.4,57879.6920,122266.9416,390.9722
IX-10.3,57879.6915,122266.9412,390.9724
IX-10.2,57879.6916,122266.9413,390.9723
IX-10.1,57879.6914,122266.9412,390.9724
IX-11.6,57897.5740,122273.9404,391.5909
IX-11.5,57897.5741,122273.9400,391.5911
IX-11.4,57897.5742,122273.9406,391.5909
IX-11.3,57897.5738,122273.9399,391.5913
IX-11.2,57897.5740,122273.9399,391.5913
IX-11.1,57897.5739,122273.9399,391.5914
IX-09.6,57846.9890,122256.0272,391.3596
IX-09.5,57846.9890,122256.0272,391.3596
IX-09.4,57846.9891,122256.0277,391.3601
IX-09.3,57846.9892,122256.0278,391.3590
IX-09.2,57846.9890,122256.0277,391.3592
IX-09.1,57846.9894,122256.0278,391.3592
IX-08.6,57826.0785,122248.3677,390.9696
IX-08.5,57826.0777,122248.3682,390.9695
IX-08.4,57826.0790,122248.3673,390.9703
IX-08.3,57826.0769,122248.3691,390.9698
IX-08.2,57826.0768,122248.3691,390.9690
IX-08.1,57826.0775,122248.3687,390.9702
IX-07.6,57807.3363,122241.4561,390.6070
IX-07.5,57807.3368,122241.4552,390.6074
IX-07.4,57807.3366,122241.4557,390.6076
IX-07.3,57807.3374,122241.4546,390.6072
IX-07.2,57807.3373,122241.4548,390.6062
IX-07.1,57807.3376,122241.4548,390.6059
IX-05.6,57769.8676,122227.9023,390.2928
IX-05.5,57769.8678,122227.9025,390.2926
IX-05.4,57769.8673,122227.9027,390.2925
IX-05.3,57769.8661,122227.9050,390.2911
IX-05.2,57769.8662,122227.9048,390.2923
IX-05.1,57769.8659,122227.9053,390.2924
IX-06.6,57788.8795,122234.6852,390.4981
IX-06.5,57788.8796,122234.6853,390.4980
IX-06.4,57788.8799,122234.6850,390.4985
IX-06.3,57788.8805,122234.6842,390.4974
IX-06.2,57788.8805,122234.6844,390.4968
IX-06.1,57788.8804,122234.6845,390.4971
IX-04.6,57751.3427,122220.9522,390.3929
IX-04.5,57751.3425,122220.9519,390.3956
IX-04.4,57751.3424,122220.9529,390.3954
IX-04.3,57751.3408,122220.9545,390.3928
IX-04.2,57751.3413,122220.9545,390.3926
IX-04.1,57751.3412,122220.9543,390.3934
IX-03.6,57732.7259,122213.9122,390.2229
IX-03.5,57732.7255,122213.9133,390.2230
IX-03.4,57732.7261,122213.9123,390.2238
IX-03.3,57732.7282,122213.9085,390.2206
IX-03.2,57732.7276,122213.9097,390.2196
IX-03.1,57732.7272,122213.9099,390.2191
IX-01.7,57694.9697,122200.1634,390.1083
IX-01.6,57694.9700,122200.1625,390.1081
IX-01.5,57694.9697,122200.1636,390.1089
IX-01.4,57694.9686,122200.1649,390.1053
IX-01.3,57694.9681,122200.1658,390.1069
IX-01.2,57694.9686,122200.1651,390.1044
IX-01.1,57694.9685,122200.1657,390.1056
IXOT3.1,57790.6951,122077.8081,390.4727
IXOP2.6,57676.3667,122193.3729,390.2194
IXOP2.5,57676.3662,122193.3740,390.2213
IXOP2.4,57676.3669,122193.3722,390.2221
IXOP2.3,57676.3650,122193.3758,390.2141
IXOP2.2,57676.3665,122193.3730,390.2153
IXOP2.1,57676.3660,122193.3742,390.2168
IXOT2.7,57750.1643,122118.0907,389.1498
IXOT2.6,57750.1642,122118.0914,389.1507
IXOT2.5,57750.1654,122118.0901,389.1510
IXOT2.4,57750.1673,122118.0886,389.1502
IXOT2.3,57750.1660,122118.0898,389.1482
IXOT2.2,57750.1664,122118.0894,389.1461
IXOT2.1,57750.1663,122118.0894,389.1468
IXOP1.6,57648.3288,122183.0694,390.1668
IXOP1.5,57648.3274,122183.0709,390.1653
IXOP1.4,57648.3273,122183.0720,390.1701
IXOP1.3,57648.3264,122183.0739,390.1645
IXOP1.2,57648.3260,122183.0743,390.1645
IXOP1.1,57648.3257,122183.0758,390.1659
yzhnay*,59079.9000,122161.5800,420.9170
7093* (2),57878.5180,122294.0150,393.9560
II089,62666.1771,124373.2544,394.8855
II088,62666.1770,124373.2544,394.8870
II087,62666.1770,124373.2543,394.8875
II086,62666.1835,124373.2541,394.8795
II085,62666.1830,124373.2543,394.8791
II084,62666.1832,124373.2542,394.8798
II083,62682.0651,124485.1917,396.1914
II082,62682.0652,124485.1917,396.1914
II081,62682.0650,124485.1917,396.1914
II080,62682.0650,124485.1912,396.1919
II079,62682.0651,124485.1912,396.1920
II078,62682.0650,124485.1912,396.1919
II077,62676.9401,124372.4144,394.9781
II076,62676.9397,124372.4148,394.9793
II075,62676.9401,124372.4149,394.9796
II074,62676.9444,124372.4148,394.9728
II073,62676.9443,124372.4149,394.9723
II072,62676.9433,124372.4149,394.9739
II071,62724.9201,124483.3532,395.9209
II070,62724.9201,124483.3534,395.9211
II069,62724.9201,124483.3529,395.9209
II068,62724.9201,124483.3556,395.9175
II067,62724.9196,124483.3556,395.9168
II066,62724.9198,124483.3556,395.9173
II065,62728.9167,124367.3030,395.5277
II064,62728.9189,124367.3038,395.5280
II063,62728.9187,124367.3035,395.5271
II062,62728.9131,124367.3015,395.5361
II061,62728.9144,124367.3017,395.5361
II060,62728.9137,124367.3016,395.5368
II059,62798.6172,124480.1147,396.5223
II058,62798.6172,124480.1142,396.5221
II057,62798.6170,124480.1141,396.5213
II056,62798.6175,124480.1178,396.5112
II055,62798.6174,124480.1189,396.5120
II054,62798.6172,124480.1193,396.5137
II053,62798.6166,124480.1150,396.5222
II052,62798.6168,124480.1156,396.5228
II051,62798.6165,124480.1162,396.5224
II050,62819.9729,124365.0137,396.7387
II049,62819.9726,124365.0134,396.7442
II048,62819.9729,124365.0133,396.7431
II047,62819.9780,124365.0198,396.7284
II046,62819.9774,124365.0192,396.7285
II045,62819.9771,124365.0192,396.7267
II044,62823.9436,124479.3074,396.9483
II043,62823.9437,124479.3070,396.9518
II042,62823.9435,124479.3069,396.9502
II041,62823.9429,124479.3016,396.9621
II040,62823.9429,124479.3008,396.9636
II039,62823.9433,124479.3024,396.9626
II038,62847.3830,124365.6148,396.9063
II037,62847.3822,124365.6131,396.9015
II036,62847.3851,124365.6175,396.9047
II035,62847.3888,124365.6225,396.8900
II034,62847.3868,124365.6201,396.8911
II033,62847.3876,124365.6211,396.8876
II032,62845.4647,124478.0345,397.0987
II031,62845.4652,124478.0389,397.0980
II030,62845.4647,124478.0364,397.0960
II029,62845.4643,124478.0296,397.1147
II028,62845.4647,124478.0301,397.1147
II027,62845.4644,124478.0293,397.1131
II026,62874.3876,124366.1513,396.9490
II025,62874.3880,124366.1525,396.9511
II024,62874.3863,124366.1498,396.9502
II023,62874.3912,124366.1578,396.9331
II022,62874.3909,124366.1574,396.9299
II021,62874.3919,124366.1589,396.9287
II020,62868.9738,124477.5477,397.1639
II019,62868.9739,124477.5443,397.1655
II018,62868.9743,124477.5453,397.1677
II017,62868.9741,124477.5396,397.1837
II016,62868.9740,124477.5386,397.1798
II015,62868.9736,124477.5376,397.1803
II014,62904.2055,124366.7370,397.0383
II013,62904.2068,124366.7389,397.0394
II012,62904.2051,124366.7362,397.0324
II011,62904.2087,124366.7433,397.0171
II010,62904.2087,124366.7435,397.0157
II009,62904.2091,124366.7438,397.0175
II008,62904.2092,124366.7445,397.0192
II007,62922.6983,124475.2354,396.9722
II006,62922.6987,124475.2388,396.9746
II005,62922.6994,124475.2416,396.9704
II004,62922.6981,124475.2322,396.9933
II003,62922.6984,124475.2317,396.9932
II002,62922.6983,124475.2310,396.9941
II001,62922.6985,124475.2298,396.9882
IIOR,62922.6870,124475.2310,396.9980
IIST1,62673.0170,124485.7970,396.5360
